6 7 7 7 7 7 7 7 7 7 7 7 7 7 7 7 7 7 7 8 
13 0 1 2 1 2 2 1 0 1 2 1 2 1 2 1 2 1 2 9
13 0 0 0 0 0 0 2 0 0 0 0 0 0 0 0 0 0 2 9
13 2 1 2 1 2 0 2 0 0 0 1 2 1 2 1 0 1 2 9
13 0 2 2 2 0 0 2 0 0 0 2 0 0 0 2 0 0 2 9
13 0 1 2 1 0 0 1 0 1 0 1 0 1 2 1 0 1 2 9
13 0 0 0 0 0 0 2 0 0 0 2 0 0 0 2 0 0 2 9
13 2 1 2 1 0 0 1 0 1 0 1 0 1 2 1 0 1 2 9
13 0 0 0 0 0 0 0 0 0 0 2 0 0 0 2 0 0 2 9
13 0 2 2 0 0 0 1 0 1 0 1 0 1 4 1 0 1 2 9
13 2 1 2 1 0 0 2 0 0 0 0 0 0 0 2 0 0 2 9
13 0 2 0 2 0 0 1 0 1 0 1 0 1 2 1 0 1 2 9
13 2 1 0 1 0 0 2 0 0 0 0 0 0 0 0 0 0 2 9
13 0 2 0 2 0 0 1 2 1 2 1 2 1 2 1 2 1 2 9
13 0 1 0 1 0 0 0 0 0 0 0 0 0 0 0 0 0 0 9
13 0 0 0 2 0 0 0 0 0 0 0 0 0 0 0 0 0 0 9
13 2 1 2 1 2 2 1 2 1 2 1 2 1 2 1 2 1 2 9
12 11 11 11 11 11 11 11 11 11 11 11 11 11 11 11 11 11 11 10